N = 6
q = 11
Calculated probability:
0.812842459277
Probability based on random polynomials
0.81158
####################################################
##################################################
N = 2
Prime 		Probability 	Prime^2 	Probability 	Prime^3 	Probability
2		0.5		4		0.75		8		0.9375
3		0.44444		9		0.79012		27		0.97546
5		0.64		25		0.9216		125		0.99680
7		0.73469		49		0.95960		343		0.99916
11		0.82644		121		0.98353		1331		0.99986
13		0.85207		169		0.98820		2197		0.99992
17		0.88581		289		0.99309		4913		0.99997
19		0.89750		361		0.99446		6859		0.99998
23		0.91493		529		0.99622		12167		0.99999
29		0.93222		841		0.99762		24389		0.99999
31		0.93652		961		0.99791		29791		0.99999
37		0.94667		1369		0.99853		50653		0.99999
41		0.95181		1681		0.99881		68921		0.99999
43		0.95402		1849		0.99891		79507		0.99999
47		0.95789		2209		0.99909		103823		0.99999
53		0.96262		2809		0.99928		148877		0.99999
59		0.96638		3481		0.99942		205379		0.99999
61		0.96748		3721		0.99946		226981		0.99999
67		0.97037		4489		0.99955		300763		0.99999
71		0.97202		5041		0.99960		357911		0.99999
##################################################
N = 3
Prime 		Probability 	Prime^2 	Probability 	Prime^3 	Probability
2		0.375		4		0.42187		8		0.82397
3		0.66666		9		0.88888		27		0.98765
5		0.768		25		0.88473		125		0.99520
7		0.62973		49		0.94001		343		0.99875
11		0.90157		121		0.97541		1331		0.99979
13		0.78652		169		0.98235		2197		0.99989
17		0.93791		289		0.98965		4913		0.99996
19		0.85026		361		0.99171		6859		0.99997
23		0.95471		529		0.99433		12167		0.99998
29		0.96436		841		0.99643		24389		0.99999
31		0.90631		961		0.99688		29791		0.99999
37		0.92109		1369		0.99781		50653		0.99999
41		0.97502		1681		0.99821		68921		0.99999
43		0.93184		1849		0.99837		79507		0.99999
47		0.97828		2209		0.99864		103823		0.99999
53		0.98078		2809		0.99893		148877		0.99999
59		0.98276		3481		0.99913		205379		0.99999
61		0.95162		3721		0.99919		226981		0.99999
67		0.95588		4489		0.99933		300763		0.99999
71		0.98571		5041		0.99940		357911		0.99999
##################################################
N = 4
Prime 		Probability 	Prime^2 	Probability 	Prime^3 	Probability
2		0.5		4		0.75		8		0.9375
3		0.39506		9		0.62429		27		0.95152
5		0.4096		25		0.84934		125		0.99361
7		0.71970		49		0.92083		343		0.99833
11		0.81961		121		0.96734		1331		0.99972
13		0.72602		169		0.97654		2197		0.99985
17		0.78466		289		0.98623		4913		0.99995
19		0.89502		361		0.98896		6859		0.99996
23		0.91320		529		0.99245		12167		0.99998
29		0.86904		841		0.99525		24389		0.99999
31		0.93554		961		0.99584		29791		0.99999
37		0.89619		1369		0.99708		50653		0.99999
41		0.90595		1681		0.99762		68921		0.99999
43		0.95351		1849		0.99783		79507		0.99999
47		0.95746		2209		0.99819		103823		0.99999
53		0.92663		2809		0.99857		148877		0.99999
59		0.96611		3481		0.99885		205379		0.99999
61		0.93602		3721		0.99892		226981		0.99999
67		0.97015		4489		0.99910		300763		0.99999
71		0.97183		5041		0.99920		357911		0.99999
##################################################
N = 5
Prime 		Probability 	Prime^2 	Probability 	Prime^3 	Probability
2		0.46875		4		0.65917		8		0.72419
3		0.65843		9		0.86707		27		0.93977
5		0.8		25		0.96		125		0.9984
7		0.85678		49		0.97877		343		0.99791
11		0.62092		121		0.95935		1331		0.99965
13		0.92304		169		0.99401		2197		0.99982
17		0.94116		289		0.99651		4913		0.99994
19		0.94212		361		0.98622		6859		0.99996
23		0.95651		529		0.99810		12167		0.99998
29		0.96322		841		0.99406		24389		0.99999
31		0.84878		961		0.99480		29791		0.99999
37		0.97297		1369		0.99926		50653		0.99999
41		0.88385		1681		0.99702		68921		0.99999
43		0.97674		1849		0.99945		79507		0.99999
47		0.97872		2209		0.99954		103823		0.99999
53		0.98113		2809		0.99964		148877		0.99999
59		0.98248		3481		0.99856		205379		0.99999
61		0.92067		3721		0.99865		226981		0.99999
67		0.98507		4489		0.99977		300763		0.99999
71		0.93153		5041		0.99900		357911		0.99999
##################################################
N = 6
Prime 		Probability 	Prime^2 	Probability 	Prime^3 	Probability
2		0.375		4		0.42187		8		0.82397
3		0.44444		9		0.79012		27		0.97546
5		0.58982		25		0.78275		125		0.99043
7		0.39656		49		0.88363		343		0.99750
11		0.81284		121		0.95142		1331		0.99959
13		0.61862		169		0.96501		2197		0.99978
17		0.87969		289		0.97941		4913		0.99992
19		0.72295		361		0.98349		6859		0.99995
23		0.91147		529		0.98871		12167		0.99997
29		0.93000		841		0.99288		24389		0.99999
31		0.82140		961		0.99377		29791		0.99999
37		0.84840		1369		0.99562		50653		0.99999
41		0.95068		1681		0.99643		68921		0.99999
43		0.86833		1849		0.99675		79507		0.99999
47		0.95703		2209		0.99728		103823		0.99999
53		0.96193		2809		0.99786		148877		0.99999
59		0.96583		3481		0.99827		205379		0.99999
61		0.90558		3721		0.99838		226981		0.99999
67		0.91372		4489		0.99866		300763		0.99999
71		0.97164		5041		0.99881		357911		0.99999
##################################################
N = 7
Prime 		Probability 	Prime^2 	Probability 	Prime^3 	Probability
2		0.38281		4		0.72674		8		0.93704
3		0.66575		9		0.88645		27		0.98765
5		0.79994		25		0.95987		125		0.99839
7		0.85714		49		0.97959		343		0.99958
11		0.90772		121		0.99173		1331		0.99993
13		0.90678		169		0.95930		2197		0.99975
17		0.94117		289		0.99653		4913		0.99998
19		0.94736		361		0.99722		6859		0.99999
23		0.95636		529		0.99810		12167		0.99999
29		0.78220		841		0.99170		24389		0.99999
31		0.96774		961		0.99895		29791		0.99999
37		0.97293		1369		0.99926		50653		0.99999
41		0.97386		1681		0.99584		68921		0.99999
43		0.84813		1849		0.99622		79507		0.99999
47		0.97872		2209		0.99954		103823		0.99999
53		0.98111		2809		0.99964		148877		0.99999
59		0.98305		3481		0.99971		205379		0.99999
61		0.98360		3721		0.99973		226981		0.99999
67		0.98506		4489		0.99977		300763		0.99999
71		0.90547		5041		0.99861		357911		0.99999
##################################################
N = 8
Prime 		Probability 	Prime^2 	Probability 	Prime^3 	Probability
2		0.5		4		0.75		8		0.9375
3		0.31214		9		0.38974		27		0.90539
5		0.37748		25		0.72138		125		0.98727
7		0.69062		49		0.84793		343		0.99667
11		0.80612		121		0.93576		1331		0.99945
13		0.71745		169		0.95363		2197		0.99971
17		0.61569		289		0.97265		4913		0.99990
19		0.89006		361		0.97805		6859		0.99993
23		0.90975		529		0.98497		12167		0.99997
29		0.86697		841		0.99052		24389		0.99998
31		0.93360		961		0.99170		29791		0.99999
37		0.89488		1369		0.99417		50653		0.99999
41		0.82074		1681		0.99525		68921		0.99999
43		0.95248		1849		0.99568		79507		0.99999
47		0.95659		2209		0.99638		103823		0.99999
53		0.92597		2809		0.99715		148877		0.99999
59		0.96555		3481		0.99770		205379		0.99999
61		0.93551		3721		0.99785		226981		0.99999
67		0.96972		4489		0.99821		300763		0.99999
71		0.97145		5041		0.99841		357911		0.99999
##################################################
N = 9
Prime 		Probability 	Prime^2 	Probability 	Prime^3 	Probability
2		0.36914		4		0.40879		8		0.82357
3		0.66666		9		0.88888		27		0.98765
5		0.76795		25		0.88462		125		0.99520
7		0.62607		49		0.94000		343		0.99875
11		0.90157		121		0.97540		1331		0.99979
13		0.78581		169		0.98235		2197		0.99989
17		0.92821		289		0.96928		4913		0.99989
19		0.61470		361		0.97534		6859		0.99993
23		0.95471		529		0.99433		12167		0.99998
29		0.96436		841		0.99643		24389		0.99999
31		0.90625		961		0.99688		29791		0.99999
37		0.78146		1369		0.99344		50653		0.99999
41		0.97502		1681		0.99821		68921		0.99999
43		0.93181		1849		0.99837		79507		0.99999
47		0.97828		2209		0.99864		103823		0.99999
53		0.97973		2809		0.99680		148877		0.99999
59		0.98276		3481		0.99913		205379		0.99999
61		0.95161		3721		0.99919		226981		0.99999
67		0.95588		4489		0.99933		300763		0.99999
71		0.98513		5041		0.99821		357911		0.99999
##################################################
N = 10
Prime 		Probability 	Prime^2 	Probability 	Prime^3 	Probability
2		0.46875		4		0.65917		8		0.72419
3		0.43353		9		0.75182		27		0.88318
5		0.64		25		0.9216		125		0.99680
7		0.73408		49		0.95800		343		0.99584
11		0.38554		121		0.92036		1331		0.99931
13		0.85201		169		0.98806		2197		0.99964
17		0.88579		289		0.99304		4913		0.99988
19		0.88760		361		0.97264		6859		0.99992
23		0.91492		529		0.99620		12167		0.99996
29		0.92779		841		0.98817		24389		0.99998
31		0.72043		961		0.98964		29791		0.99998
37		0.94667		1369		0.99853		50653		0.99999
41		0.78119		1681		0.99406		68921		0.99999
43		0.95402		1849		0.99891		79507		0.99999
47		0.95789		2209		0.99909		103823		0.99999
53		0.96261		2809		0.99928		148877		0.99999
59		0.96527		3481		0.99713		205379		0.99999
61		0.84764		3721		0.99731		226981		0.99999
67		0.97037		4489		0.99955		300763		0.99999
71		0.86775		5041		0.99801		357911		0.99999
##################################################
N = 11
Prime 		Probability 	Prime^2 	Probability 	Prime^3 	Probability
2		0.49951		4		0.74853		8		0.93749
3		0.66119		9		0.88885		27		0.98765
5		0.79948		25		0.95999		125		0.9984
7		0.85714		49		0.97959		343		0.99958
11		0.90909		121		0.99173		1331		0.99993
13		0.92307		169		0.99408		2197		0.99996
17		0.94117		289		0.99653		4913		0.99998
19		0.94736		361		0.99722		6859		0.99999
23		0.61325		529		0.97940		12167		0.99996
29		0.96551		841		0.99881		24389		0.99999
31		0.96774		961		0.99895		29791		0.99999
37		0.97297		1369		0.99926		50653		0.99999
41		0.97560		1681		0.99940		68921		0.99999
43		0.97410		1849		0.99406		79507		0.99999
47		0.97872		2209		0.99954		103823		0.99999
53		0.98113		2809		0.99964		148877		0.99999
59		0.98305		3481		0.99971		205379		0.99999
61		0.98360		3721		0.99973		226981		0.99999
67		0.84754		4489		0.99755		300763		0.99999
71		0.98591		5041		0.99980		357911		0.99999
##################################################
N = 12
Prime 		Probability 	Prime^2 	Probability 	Prime^3 	Probability
2		0.375		4		0.42187		8		0.82397
3		0.39506		9		0.62429		27		0.95152
5		0.34789		25		0.61270		125		0.98096
7		0.37278		49		0.78080		343		0.99501
11		0.79285		121		0.90521		1331		0.99918
13		0.38269		169		0.93125		2197		0.99957
17		0.77386		289		0.95925		4913		0.99985
19		0.71696		361		0.96726		6859		0.99990
23		0.90631		529		0.97755		12167		0.99995
29		0.86491		841		0.98582		24389		0.99998
31		0.81884		961		0.98758		29791		0.99998
37		0.71979		1369		0.99126		50653		0.99999
41		0.90379		1681		0.99288		68921		0.99999
43		0.86692		1849		0.99352		79507		0.99999
47		0.95573		2209		0.99458		103823		0.99999
53		0.92531		2809		0.99573		148877		0.99999
59		0.96500		3481		0.99655		205379		0.99999
61		0.82008		3721		0.99677		226981		0.99999
67		0.91311		4489		0.99733		300763		0.99999
71		0.97106		5041		0.99762		357911		0.99999
##################################################
N = 13
Prime 		Probability 	Prime^2 	Probability 	Prime^3 	Probability
2		0.49987		4		0.74963		8		0.93658
3		0.57325		9		0.88402		27		0.98764
5		0.79616		25		0.95082		125		0.97939
7		0.85714		49		0.97959		343		0.99958
11		0.90909		121		0.99173		1331		0.99993
13		0.92307		169		0.99408		2197		0.99996
17		0.94117		289		0.99653		4913		0.99998
19		0.94736		361		0.99722		6859		0.99999
23		0.95652		529		0.99810		12167		0.99999
29		0.96535		841		0.99881		24389		0.99999
31		0.96773		961		0.99895		29791		0.99998
37		0.97297		1369		0.99926		50653		0.99999
41		0.97560		1681		0.99940		68921		0.99999
43		0.97674		1849		0.99945		79507		0.99999
47		0.97872		2209		0.99954		103823		0.99999
53		0.78065		2809		0.99538		148877		0.99999
59		0.98305		3481		0.99971		205379		0.99999
61		0.98358		3721		0.99973		226981		0.99999
67		0.98507		4489		0.99977		300763		0.99999
71		0.98591		5041		0.99980		357911		0.99999
##################################################
N = 14
Prime 		Probability 	Prime^2 	Probability 	Prime^3 	Probability
2		0.38281		4		0.72674		8		0.93704
3		0.44322		9		0.78579		27		0.97545
5		0.63991		25		0.92136		125		0.99680
7		0.73469		49		0.95960		343		0.99916
11		0.82396		121		0.98353		1331		0.99986
13		0.82226		169		0.92027		2197		0.99950
17		0.88581		289		0.99309		4913		0.99997
19		0.89750		361		0.99446		6859		0.99998
23		0.91463		529		0.99622		12167		0.99999
29		0.61184		841		0.98348		24389		0.99998
31		0.93652		961		0.99791		29791		0.99999
37		0.94660		1369		0.99853		50653		0.99999
41		0.94842		1681		0.99170		68921		0.99999
43		0.71933		1849		0.99245		79507		0.99999
47		0.95789		2209		0.99909		103823		0.99999
53		0.96259		2809		0.99928		148877		0.99999
59		0.96638		3481		0.99942		205379		0.99999
61		0.96748		3721		0.99946		226981		0.99999
67		0.97035		4489		0.99955		300763		0.99999
71		0.81989		5041		0.99722		357911		0.99999
##################################################
N = 15
Prime 		Probability 	Prime^2 	Probability 	Prime^3 	Probability
2		0.30899		4		0.28642		8		0.37981
3		0.65843		9		0.86707		27		0.93977
5		0.768		25		0.88473		125		0.99520
7		0.62895		49		0.93766		343		0.99377
11		0.59568		121		0.88295		1331		0.99897
13		0.78644		169		0.98214		2197		0.99947
17		0.93788		289		0.98958		4913		0.99982
19		0.83623		361		0.95924		6859		0.99988
23		0.95470		529		0.99431		12167		0.99994
29		0.95750		841		0.98231		24389		0.99997
31		0.61149		961		0.98450		29791		0.99998
37		0.92108		1369		0.99780		50653		0.99999
41		0.88122		1681		0.99111		68921		0.99999
43		0.93184		1849		0.99837		79507		0.99999
47		0.97827		2209		0.99864		103823		0.99999
53		0.98078		2809		0.99893		148877		0.99999
59		0.98107		3481		0.99569		205379		0.99999
61		0.78040		3721		0.99597		226981		0.99999
67		0.95588		4489		0.99933		300763		0.99999
71		0.93060		5041		0.99702		357911		0.99999
##################################################
N = 16
Prime 		Probability 	Prime^2 	Probability 	Prime^3 	Probability
2		0.5		4		0.75		8		0.9375
3		0.30448		9		0.37085		27		0.81974
5		0.37628		25		0.71678		125		0.97470
7		0.63594		49		0.71898		343		0.99335
11		0.80601		121		0.93550		1331		0.99890
13		0.71740		169		0.95349		2197		0.99943
17		0.37908		289		0.94605		4913		0.99980
19		0.89005		361		0.97802		6859		0.99987
23		0.90289		529		0.97017		12167		0.99994
29		0.86697		841		0.99052		24389		0.99997
31		0.92972		961		0.98347		29791		0.99998
37		0.89488		1369		0.99416		50653		0.99999
41		0.81879		1681		0.99052		68921		0.99999
43		0.95248		1849		0.99568		79507		0.99999
47		0.95486		2209		0.99278		103823		0.99999
53		0.92597		2809		0.99715		148877		0.99999
59		0.96555		3481		0.99770		205379		0.99999
61		0.93551		3721		0.99785		226981		0.99999
67		0.96972		4489		0.99821		300763		0.99999
71		0.97068		5041		0.99683		357911		0.99999
##################################################
N = 17
Prime 		Probability 	Prime^2 	Probability 	Prime^3 	Probability
2		0.49610		4		0.73834		8		0.90860
3		0.66666		9		0.88888		27		0.98765
5		0.79999		25		0.95999		125		0.99839
7		0.85714		49		0.97959		343		0.99958
11		0.90909		121		0.99173		1331		0.99993
13		0.92294		169		0.99380		2197		0.99940
17		0.94117		289		0.99653		4913		0.99998
19		0.94736		361		0.99722		6859		0.99999
23		0.95652		529		0.99810		12167		0.99999
29		0.96551		841		0.99881		24389		0.99999
31		0.96774		961		0.99895		29791		0.99999
37		0.97297		1369		0.99926		50653		0.99999
41		0.97560		1681		0.99940		68921		0.99999
43		0.97674		1849		0.99945		79507		0.99999
47		0.97872		2209		0.99954		103823		0.99999
53		0.98113		2809		0.99964		148877		0.99999
59		0.98305		3481		0.99971		205379		0.99999
61		0.98360		3721		0.99973		226981		0.99999
67		0.98332		4489		0.99621		300763		0.99999
71		0.98591		5041		0.99980		357911		0.99999
##################################################
N = 18
Prime 		Probability 	Prime^2 	Probability 	Prime^3 	Probability
2		0.36914		4		0.40879		8		0.82357
3		0.44444		9		0.79012		27		0.97546
5		0.58974		25		0.78255		125		0.99043
7		0.39196		49		0.88360		343		0.99750
11		0.81284		121		0.95142		1331		0.99959
13		0.61749		169		0.96501		2197		0.99978
17		0.86158		289		0.93951		4913		0.99978
19		0.37786		361		0.95129		6859		0.99986
23		0.91147		529		0.98871		12167		0.99997
29		0.93000		841		0.99288		24389		0.99999
31		0.82129		961		0.99377		29791		0.99999
37		0.61068		1369		0.98693		50653		0.99999
41		0.95068		1681		0.99643		68921		0.99999
43		0.86828		1849		0.99675		79507		0.99999
47		0.95703		2209		0.99728		103823		0.99999
53		0.95988		2809		0.99361		148877		0.99999
59		0.96583		3481		0.99827		205379		0.99999
61		0.90556		3721		0.99838		226981		0.99999
67		0.91371		4489		0.99866		300763		0.99999
71		0.97048		5041		0.99643		357911		0.99999
##################################################
N = 19
Prime 		Probability 	Prime^2 	Probability 	Prime^3 	Probability
2		0.49999		4		0.74999		8		0.93749
3		0.66666		9		0.88888		27		0.98765
5		0.79999		25		0.95999		125		0.9984
7		0.84225		49		0.97954		343		0.99958
11		0.90500		121		0.99173		1331		0.99993
13		0.92307		169		0.99408		2197		0.99996
17		0.94117		289		0.99653		4913		0.99998
19		0.94736		361		0.99722		6859		0.99999
23		0.95652		529		0.99810		12167		0.99999
29		0.96551		841		0.99881		24389		0.99999
31		0.96774		961		0.99895		29791		0.99999
37		0.96659		1369		0.98621		50653		0.99998
41		0.97560		1681		0.99940		68921		0.99999
43		0.97674		1849		0.99945		79507		0.99999
47		0.97872		2209		0.99954		103823		0.99999
53		0.98113		2809		0.99964		148877		0.99999
59		0.98305		3481		0.99971		205379		0.99999
61		0.98360		3721		0.99973		226981		0.99999
67		0.98507		4489		0.99977		300763		0.99999
71		0.98591		5041		0.99980		357911		0.99999
##################################################
N = 2
Prime 		Probability 	Prime^2 	Probability 	Prime^3 	Probability
2		0.5		4		0.75		8		0.9375
3		0.44444		9		0.79012		27		0.97546
5		0.64		25		0.9216		125		0.99680
7		0.73469		49		0.95960		343		0.99916
11		0.82644		121		0.98353		1331		0.99986
13		0.85207		169		0.98820		2197		0.99992
17		0.88581		289		0.99309		4913		0.99997
19		0.89750		361		0.99446		6859		0.99998
23		0.91493		529		0.99622		12167		0.99999
29		0.93222		841		0.99762		24389		0.99999
31		0.93652		961		0.99791		29791		0.99999
37		0.94667		1369		0.99853		50653		0.99999
41		0.95181		1681		0.99881		68921		0.99999
43		0.95402		1849		0.99891		79507		0.99999
47		0.95789		2209		0.99909		103823		0.99999
53		0.96262		2809		0.99928		148877		0.99999
59		0.96638		3481		0.99942		205379		0.99999
61		0.96748		3721		0.99946		226981		0.99999
67		0.97037		4489		0.99955		300763		0.99999
71		0.97202		5041		0.99960		357911		0.99999
##################################################
N = 3
Prime 		Probability 	Prime^2 	Probability 	Prime^3 	Probability
2		0.375		4		0.42187		8		0.82397
3		0.66666		9		0.88888		27		0.98765
5		0.768		25		0.88473		125		0.99520
7		0.62973		49		0.94001		343		0.99875
11		0.90157		121		0.97541		1331		0.99979
13		0.78652		169		0.98235		2197		0.99989
17		0.93791		289		0.98965		4913		0.99996
19		0.85026		361		0.99171		6859		0.99997
23		0.95471		529		0.99433		12167		0.99998
29		0.96436		841		0.99643		24389		0.99999
31		0.90631		961		0.99688		29791		0.99999
37		0.92109		1369		0.99781		50653		0.99999
41		0.97502		1681		0.99821		68921		0.99999
43		0.93184		1849		0.99837		79507		0.99999
47		0.97828		2209		0.99864		103823		0.99999
53		0.98078		2809		0.99893		148877		0.99999
59		0.98276		3481		0.99913		205379		0.99999
61		0.95162		3721		0.99919		226981		0.99999
67		0.95588		4489		0.99933		300763		0.99999
71		0.98571		5041		0.99940		357911		0.99999
##################################################
N = 5
Prime 		Probability 	Prime^2 	Probability 	Prime^3 	Probability
2		0.46875		4		0.65917		8		0.72419
3		0.65843		9		0.86707		27		0.93977
5		0.8		25		0.96		125		0.9984
7		0.85678		49		0.97877		343		0.99791
11		0.62092		121		0.95935		1331		0.99965
13		0.92304		169		0.99401		2197		0.99982
17		0.94116		289		0.99651		4913		0.99994
19		0.94212		361		0.98622		6859		0.99996
23		0.95651		529		0.99810		12167		0.99998
29		0.96322		841		0.99406		24389		0.99999
31		0.84878		961		0.99480		29791		0.99999
37		0.97297		1369		0.99926		50653		0.99999
41		0.88385		1681		0.99702		68921		0.99999
43		0.97674		1849		0.99945		79507		0.99999
47		0.97872		2209		0.99954		103823		0.99999
53		0.98113		2809		0.99964		148877		0.99999
59		0.98248		3481		0.99856		205379		0.99999
61		0.92067		3721		0.99865		226981		0.99999
67		0.98507		4489		0.99977		300763		0.99999
71		0.93153		5041		0.99900		357911		0.99999
##################################################
N = 7
Prime 		Probability 	Prime^2 	Probability 	Prime^3 	Probability
2		0.38281		4		0.72674		8		0.93704
3		0.66575		9		0.88645		27		0.98765
5		0.79994		25		0.95987		125		0.99839
7		0.85714		49		0.97959		343		0.99958
11		0.90772		121		0.99173		1331		0.99993
13		0.90678		169		0.95930		2197		0.99975
17		0.94117		289		0.99653		4913		0.99998
19		0.94736		361		0.99722		6859		0.99999
23		0.95636		529		0.99810		12167		0.99999
29		0.78220		841		0.99170		24389		0.99999
31		0.96774		961		0.99895		29791		0.99999
37		0.97293		1369		0.99926		50653		0.99999
41		0.97386		1681		0.99584		68921		0.99999
43		0.84813		1849		0.99622		79507		0.99999
47		0.97872		2209		0.99954		103823		0.99999
53		0.98111		2809		0.99964		148877		0.99999
59		0.98305		3481		0.99971		205379		0.99999
61		0.98360		3721		0.99973		226981		0.99999
67		0.98506		4489		0.99977		300763		0.99999
71		0.90547		5041		0.99861		357911		0.99999
##################################################
N = 11
Prime 		Probability 	Prime^2 	Probability 	Prime^3 	Probability
2		0.49951		4		0.74853		8		0.93749
3		0.66119		9		0.88885		27		0.98765
5		0.79948		25		0.95999		125		0.9984
7		0.85714		49		0.97959		343		0.99958
11		0.90909		121		0.99173		1331		0.99993
13		0.92307		169		0.99408		2197		0.99996
17		0.94117		289		0.99653		4913		0.99998
19		0.94736		361		0.99722		6859		0.99999
23		0.61325		529		0.97940		12167		0.99996
29		0.96551		841		0.99881		24389		0.99999
31		0.96774		961		0.99895		29791		0.99999
37		0.97297		1369		0.99926		50653		0.99999
41		0.97560		1681		0.99940		68921		0.99999
43		0.97410		1849		0.99406		79507		0.99999
47		0.97872		2209		0.99954		103823		0.99999
53		0.98113		2809		0.99964		148877		0.99999
59		0.98305		3481		0.99971		205379		0.99999
61		0.98360		3721		0.99973		226981		0.99999
67		0.84754		4489		0.99755		300763		0.99999
71		0.98591		5041		0.99980		357911		0.99999
##################################################
N = 13
Prime 		Probability 	Prime^2 	Probability 	Prime^3 	Probability
2		0.49987		4		0.74963		8		0.93658
3		0.57325		9		0.88402		27		0.98764
5		0.79616		25		0.95082		125		0.97939
7		0.85714		49		0.97959		343		0.99958
11		0.90909		121		0.99173		1331		0.99993
13		0.92307		169		0.99408		2197		0.99996
17		0.94117		289		0.99653		4913		0.99998
19		0.94736		361		0.99722		6859		0.99999
23		0.95652		529		0.99810		12167		0.99999
29		0.96535		841		0.99881		24389		0.99999
31		0.96773		961		0.99895		29791		0.99998
37		0.97297		1369		0.99926		50653		0.99999
41		0.97560		1681		0.99940		68921		0.99999
43		0.97674		1849		0.99945		79507		0.99999
47		0.97872		2209		0.99954		103823		0.99999
53		0.78065		2809		0.99538		148877		0.99999
59		0.98305		3481		0.99971		205379		0.99999
61		0.98358		3721		0.99973		226981		0.99999
67		0.98507		4489		0.99977		300763		0.99999
71		0.98591		5041		0.99980		357911		0.99999
##################################################
N = 17
Prime 		Probability 	Prime^2 	Probability 	Prime^3 	Probability
2		0.49610		4		0.73834		8		0.90860
3		0.66666		9		0.88888		27		0.98765
5		0.79999		25		0.95999		125		0.99839
7		0.85714		49		0.97959		343		0.99958
11		0.90909		121		0.99173		1331		0.99993
13		0.92294		169		0.99380		2197		0.99940
17		0.94117		289		0.99653		4913		0.99998
19		0.94736		361		0.99722		6859		0.99999
23		0.95652		529		0.99810		12167		0.99999
29		0.96551		841		0.99881		24389		0.99999
31		0.96774		961		0.99895		29791		0.99999
37		0.97297		1369		0.99926		50653		0.99999
41		0.97560		1681		0.99940		68921		0.99999
43		0.97674		1849		0.99945		79507		0.99999
47		0.97872		2209		0.99954		103823		0.99999
53		0.98113		2809		0.99964		148877		0.99999
59		0.98305		3481		0.99971		205379		0.99999
61		0.98360		3721		0.99973		226981		0.99999
67		0.98332		4489		0.99621		300763		0.99999
71		0.98591		5041		0.99980		357911		0.99999
##################################################
N = 19
Prime 		Probability 	Prime^2 	Probability 	Prime^3 	Probability
2		0.49999		4		0.74999		8		0.93749
3		0.66666		9		0.88888		27		0.98765
5		0.79999		25		0.95999		125		0.9984
7		0.84225		49		0.97954		343		0.99958
11		0.90500		121		0.99173		1331		0.99993
13		0.92307		169		0.99408		2197		0.99996
17		0.94117		289		0.99653		4913		0.99998
19		0.94736		361		0.99722		6859		0.99999
23		0.95652		529		0.99810		12167		0.99999
29		0.96551		841		0.99881		24389		0.99999
31		0.96774		961		0.99895		29791		0.99999
37		0.96659		1369		0.98621		50653		0.99998
41		0.97560		1681		0.99940		68921		0.99999
43		0.97674		1849		0.99945		79507		0.99999
47		0.97872		2209		0.99954		103823		0.99999
53		0.98113		2809		0.99964		148877		0.99999
59		0.98305		3481		0.99971		205379		0.99999
61		0.98360		3721		0.99973		226981		0.99999
67		0.98507		4489		0.99977		300763		0.99999
71		0.98591		5041		0.99980		357911		0.99999
##################################################
N = 23
Prime 		Probability 	Prime^2 	Probability 	Prime^3 	Probability
2		0.49951		4		0.74999		8		0.9375
3		0.66665		9		0.88888		27		0.98765
5		0.8		25		0.96		125		0.9984
7		0.85714		49		0.97959		343		0.99958
11		0.90909		121		0.99173		1331		0.99993
13		0.92307		169		0.99408		2197		0.99996
17		0.94117		289		0.99653		4913		0.99998
19		0.94736		361		0.99722		6859		0.99999
23		0.95652		529		0.99810		12167		0.99999
29		0.96551		841		0.99881		24389		0.99999
31		0.96774		961		0.99895		29791		0.99999
37		0.97297		1369		0.99926		50653		0.99999
41		0.97560		1681		0.99940		68921		0.99999
43		0.97674		1849		0.99945		79507		0.99999
47		0.60978		2209		0.98963		103823		0.99999
53		0.98113		2809		0.99964		148877		0.99999
59		0.98305		3481		0.99971		205379		0.99999
61		0.98360		3721		0.99973		226981		0.99999
67		0.98507		4489		0.99977		300763		0.99999
71		0.98591		5041		0.99980		357911		0.99999
##################################################
N = 29
Prime 		Probability 	Prime^2 	Probability 	Prime^3 	Probability
2		0.49999		4		0.74999		8		0.93749
3		0.66666		9		0.88888		27		0.98765
5		0.79999		25		0.95999		125		0.9984
7		0.85713		49		0.97959		343		0.99958
11		0.90909		121		0.99173		1331		0.99993
13		0.92307		169		0.99408		2197		0.99996
17		0.94109		289		0.99637		4913		0.99965
19		0.94736		361		0.99722		6859		0.99999
23		0.95652		529		0.99810		12167		0.99999
29		0.96551		841		0.99881		24389		0.99999
31		0.96774		961		0.99895		29791		0.99999
37		0.97297		1369		0.99926		50653		0.99999
41		0.97560		1681		0.99940		68921		0.99998
43		0.97674		1849		0.99945		79507		0.99999
47		0.97872		2209		0.99954		103823		0.99999
53		0.98113		2809		0.99964		148877		0.99999
59		0.60912		3481		0.99170		205379		0.99999
61		0.98360		3721		0.99973		226981		0.99999
67		0.98507		4489		0.99977		300763		0.99999
71		0.98591		5041		0.99980		357911		0.99999
##################################################
N = 31
Prime 		Probability 	Prime^2 	Probability 	Prime^3 	Probability
2		0.41327		4		0.74561		8		0.93749
3		0.66666		9		0.88888		27		0.98765
5		0.73825		25		0.95938		125		0.99839
7		0.85714		49		0.97959		343		0.99958
11		0.90909		121		0.99173		1331		0.99993
13		0.92307		169		0.99408		2197		0.99996
17		0.94117		289		0.99653		4913		0.99998
19		0.94736		361		0.99722		6859		0.99999
23		0.95652		529		0.99810		12167		0.99999
29		0.96551		841		0.99881		24389		0.99999
31		0.96774		961		0.99895		29791		0.99999
37		0.97297		1369		0.99926		50653		0.99999
41		0.97560		1681		0.99940		68921		0.99999
43		0.97674		1849		0.99945		79507		0.99999
47		0.97872		2209		0.99954		103823		0.99999
53		0.98113		2809		0.99964		148877		0.99999
59		0.98305		3481		0.99971		205379		0.99999
61		0.97964		3721		0.99170		226981		0.99999
67		0.98504		4489		0.99977		300763		0.99999
71		0.98591		5041		0.99980		357911		0.99999
##################################################
N = 37
Prime 		Probability 	Prime^2 	Probability 	Prime^3 	Probability
2		0.49999		4		0.74999		8		0.93749
3		0.66666		9		0.88888		27		0.98765
5		0.8		25		0.96		125		0.9984
7		0.85714		49		0.97959		343		0.99958
11		0.90908		121		0.99172		1331		0.99993
13		0.92307		169		0.99408		2197		0.99996
17		0.94117		289		0.99653		4913		0.99998
19		0.94736		361		0.99722		6859		0.99999
23		0.95652		529		0.99810		12167		0.99999
29		0.96551		841		0.99881		24389		0.99999
31		0.96773		961		0.99893		29791		0.99995
37		0.97297		1369		0.99926		50653		0.99999
41		0.97560		1681		0.99940		68921		0.99999
43		0.97674		1849		0.99945		79507		0.99998
47		0.97861		2209		0.99954		103823		0.99999
53		0.98113		2809		0.99964		148877		0.99999
59		0.98305		3481		0.99971		205379		0.99999
61		0.98360		3721		0.99973		226981		0.99999
67		0.98507		4489		0.99977		300763		0.99999
71		0.98591		5041		0.99980		357911		0.99999
##################################################
N = 41
Prime 		Probability 	Prime^2 	Probability 	Prime^3 	Probability
2		0.49999		4		0.74999		8		0.93749
3		0.66615		9		0.88753		27		0.98464
5		0.8		25		0.96		125		0.9984
7		0.85714		49		0.97959		343		0.99958
11		0.90909		121		0.99173		1331		0.99993
13		0.92307		169		0.99408		2197		0.99996
17		0.94117		289		0.99653		4913		0.99998
19		0.94736		361		0.99722		6859		0.99999
23		0.95652		529		0.99810		12167		0.99999
29		0.96551		841		0.99881		24389		0.99999
31		0.96774		961		0.99895		29791		0.99999
37		0.97297		1369		0.99926		50653		0.99999
41		0.97560		1681		0.99940		68921		0.99999
43		0.97674		1849		0.99945		79507		0.99999
47		0.97872		2209		0.99954		103823		0.99999
53		0.98113		2809		0.99964		148877		0.99999
59		0.98305		3481		0.99971		205379		0.99999
61		0.98360		3721		0.99973		226981		0.99999
67		0.98507		4489		0.99977		300763		0.99999
71		0.98591		5041		0.99980		357911		0.99999
##################################################
N = 43
Prime 		Probability 	Prime^2 	Probability 	Prime^3 	Probability
2		0.49990		4		0.74972		8		0.93749
3		0.66666		9		0.88888		27		0.98765
5		0.8		25		0.96		125		0.9984
7		0.85709		49		0.97947		343		0.99958
11		0.90909		121		0.99173		1331		0.99993
13		0.92307		169		0.99408		2197		0.99996
17		0.94117		289		0.99653		4913		0.99998
19		0.94736		361		0.99722		6859		0.99999
23		0.95652		529		0.99810		12167		0.99999
29		0.96551		841		0.99881		24389		0.99999
31		0.96774		961		0.99895		29791		0.99999
37		0.97297		1369		0.99926		50653		0.99999
41		0.97560		1681		0.99940		68921		0.99999
43		0.97674		1849		0.99945		79507		0.99999
47		0.97872		2209		0.99954		103823		0.99999
53		0.98113		2809		0.99964		148877		0.99999
59		0.98305		3481		0.99971		205379		0.99999
61		0.98360		3721		0.99973		226981		0.99999
67		0.98507		4489		0.99977		300763		0.99999
71		0.98591		5041		0.99980		357911		0.99999
##################################################
N = 47
Prime 		Probability 	Prime^2 	Probability 	Prime^3 	Probability
2		0.49999		4		0.75		8		0.9375
3		0.66666		9		0.88888		27		0.98765
5		0.8		25		0.96		125		0.9984
7		0.85714		49		0.97959		343		0.99958
11		0.90909		121		0.99173		1331		0.99993
13		0.92307		169		0.99408		2197		0.99996
17		0.94117		289		0.99653		4913		0.99998
19		0.94736		361		0.99722		6859		0.99999
23		0.95652		529		0.99810		12167		0.99999
29		0.96551		841		0.99881		24389		0.99999
31		0.96774		961		0.99895		29791		0.99999
37		0.97297		1369		0.99926		50653		0.99999
41		0.97560		1681		0.99940		68921		0.99999
43		0.97674		1849		0.99945		79507		0.99999
47		0.97872		2209		0.99954		103823		0.99999
53		0.98113		2809		0.99964		148877		0.99999
59		0.98305		3481		0.99971		205379		0.99999
61		0.98360		3721		0.99973		226981		0.99999
67		0.98507		4489		0.99977		300763		0.99999
71		0.98591		5041		0.99980		357911		0.99999
##################################################
N = 53
Prime 		Probability 	Prime^2 	Probability 	Prime^3 	Probability
2		0.5		4		0.75		8		0.9375
3		0.66666		9		0.88888		27		0.98765
5		0.8		25		0.96		125		0.9984
7		0.85714		49		0.97959		343		0.99958
11		0.90909		121		0.99173		1331		0.99993
13		0.92307		169		0.99408		2197		0.99996
17		0.94117		289		0.99653		4913		0.99998
19		0.94736		361		0.99722		6859		0.99999
23		0.95647		529		0.99801		12167		0.99981
29		0.96551		841		0.99881		24389		0.99999
31		0.96774		961		0.99895		29791		0.99999
37		0.97297		1369		0.99926		50653		0.99999
41		0.97560		1681		0.99940		68921		0.99999
43		0.97674		1849		0.99945		79507		0.99999
47		0.97872		2209		0.99954		103823		0.99999
53		0.98113		2809		0.99964		148877		0.99999
59		0.98305		3481		0.99971		205379		0.99999
61		0.98360		3721		0.99973		226981		0.99999
67		0.98507		4489		0.99977		300763		0.99999
71		0.98591		5041		0.99980		357911		0.99999
##################################################
N = 59
Prime 		Probability 	Prime^2 	Probability 	Prime^3 	Probability
2		0.5		4		0.75		8		0.9375
3		0.66666		9		0.88888		27		0.98765
5		0.8		25		0.96		125		0.9984
7		0.85714		49		0.97959		343		0.99958
11		0.90909		121		0.99173		1331		0.99993
13		0.92307		169		0.99408		2197		0.99996
17		0.94117		289		0.99653		4913		0.99998
19		0.94736		361		0.99722		6859		0.99999
23		0.95652		529		0.99810		12167		0.99999
29		0.96551		841		0.99881		24389		0.99999
31		0.96774		961		0.99895		29791		0.99999
37		0.97297		1369		0.99926		50653		0.99999
41		0.97560		1681		0.99940		68921		0.99999
43		0.97674		1849		0.99945		79507		0.99999
47		0.97872		2209		0.99954		103823		0.99999
53		0.98113		2809		0.99964		148877		0.99999
59		0.98305		3481		0.99971		205379		0.99999
61		0.98360		3721		0.99973		226981		0.99999
67		0.98507		4489		0.99977		300763		0.99999
71		0.98591		5041		0.99980		357911		0.99999
##################################################
N = 61
Prime 		Probability 	Prime^2 	Probability 	Prime^3 	Probability
2		0.5		4		0.75		8		0.9375
3		0.66659		9		0.88870		27		0.98765
5		0.8		25		0.96		125		0.9984
7		0.85714		49		0.97959		343		0.99958
11		0.90815		121		0.98970		1331		0.99584
13		0.91471		169		0.99407		2197		0.99996
17		0.94117		289		0.99653		4913		0.99998
19		0.94736		361		0.99722		6859		0.99999
23		0.95652		529		0.99810		12167		0.99999
29		0.96551		841		0.99881		24389		0.99999
31		0.96774		961		0.99895		29791		0.99999
37		0.97297		1369		0.99926		50653		0.99999
41		0.97560		1681		0.99940		68921		0.99999
43		0.97674		1849		0.99945		79507		0.99999
47		0.97853		2209		0.99954		103823		0.99999
53		0.98113		2809		0.99964		148877		0.99999
59		0.98305		3481		0.99971		205379		0.99999
61		0.98360		3721		0.99973		226981		0.99999
67		0.98507		4489		0.99977		300763		0.99999
71		0.98591		5041		0.99980		357911		0.99999
##################################################
N = 67
Prime 		Probability 	Prime^2 	Probability 	Prime^3 	Probability
2		0.5		4		0.75		8		0.9375
3		0.66666		9		0.88888		27		0.98765
5		0.8		25		0.96		125		0.9984
7		0.85714		49		0.97959		343		0.99958
11		0.90909		121		0.99173		1331		0.99993
13		0.92307		169		0.99408		2197		0.99996
17		0.94117		289		0.99653		4913		0.99998
19		0.94736		361		0.99722		6859		0.99999
23		0.95652		529		0.99810		12167		0.99999
29		0.96464		841		0.99881		24389		0.99999
31		0.96774		961		0.99895		29791		0.99999
37		0.97255		1369		0.99926		50653		0.99999
41		0.97560		1681		0.99940		68921		0.99999
43		0.97674		1849		0.99945		79507		0.99999
47		0.97872		2209		0.99954		103823		0.99999
53		0.98113		2809		0.99964		148877		0.99999
59		0.98305		3481		0.99971		205379		0.99999
61		0.98360		3721		0.99973		226981		0.99999
67		0.98507		4489		0.99977		300763		0.99999
71		0.98591		5041		0.99980		357911		0.99999
##################################################
N = 71
Prime 		Probability 	Prime^2 	Probability 	Prime^3 	Probability
2		0.49999		4		0.75		8		0.9375
3		0.66666		9		0.88888		27		0.98765
5		0.79642		25		0.95999		125		0.9984
7		0.85714		49		0.97959		343		0.99958
11		0.90909		121		0.99173		1331		0.99993
13		0.92307		169		0.99408		2197		0.99996
17		0.94117		289		0.99653		4913		0.99998
19		0.94736		361		0.99722		6859		0.99999
23		0.95652		529		0.99810		12167		0.99999
29		0.96551		841		0.99881		24389		0.99999
31		0.96774		961		0.99895		29791		0.99999
37		0.97297		1369		0.99926		50653		0.99999
41		0.97560		1681		0.99940		68921		0.99999
43		0.97674		1849		0.99945		79507		0.99999
47		0.97872		2209		0.99954		103823		0.99999
53		0.98113		2809		0.99964		148877		0.99999
59		0.98305		3481		0.99971		205379		0.99999
61		0.98360		3721		0.99973		226981		0.99999
67		0.98507		4489		0.99977		300763		0.99999
71		0.98591		5041		0.99980		357911		0.99999
##################################################
N = 120
Prime 		Probability 	Prime^2 	Probability 	Prime^3 	Probability
2		0.30899		4		0.28642		8		0.37981
3		0.28261		9		0.31949		27		0.60841
5		0.27231		25		0.37541		125		0.96229
7		0.32612		49		0.59758		343		0.95123
11		0.24425		121		0.36940		1331		0.99183
13		0.36899		169		0.86578		2197		0.99580
17		0.59868		289		0.91964		4913		0.99856
19		0.61722		361		0.71686		6859		0.99907
23		0.89601		529		0.95544		12167		0.99957
29		0.81109		841		0.86695		24389		0.99983
31		0.35681		961		0.88255		29791		0.99987
37		0.71663		1369		0.98259		50653		0.99993
41		0.36367		1681		0.93108		68921		0.99995
43		0.86410		1849		0.98708		79507		0.99996
47		0.95313		2209		0.98918		103823		0.99997
53		0.92334		2809		0.99148		148877		0.99998
59		0.95014		3481		0.96610		205379		0.99999
61		0.36794		3721		0.96826		226981		0.99999
67		0.91189		4489		0.99466		300763		0.99999
71		0.85833		5041		0.97647		357911		0.99999
##################################################
N = 360
Prime 		Probability 	Prime^2 	Probability 	Prime^3 	Probability
2		0.30401		4		0.27727		8		0.37888
3		0.28261		9		0.31949		27		0.60841
5		0.27217		25		0.37502		125		0.96229
7		0.32232		49		0.59750		343		0.95123
11		0.24425		121		0.36939		1331		0.99183
13		0.36765		169		0.86578		2197		0.99580
17		0.55058		289		0.77779		4913		0.99569
19		0.23514		361		0.36838		6859		0.99724
23		0.89601		529		0.95544		12167		0.99957
29		0.81109		841		0.86695		24389		0.99983
31		0.35657		961		0.88255		29791		0.99987
37		0.36804		1369		0.94867		50653		0.99980
41		0.36367		1681		0.93108		68921		0.99995
43		0.86406		1849		0.98708		79507		0.99996
47		0.95313		2209		0.98918		103823		0.99997
53		0.91547		2809		0.97467		148877		0.99995
59		0.95014		3481		0.96610		205379		0.99999
61		0.36788		3721		0.96826		226981		0.99999
67		0.91187		4489		0.99466		300763		0.99999
71		0.83814		5041		0.93106		357911		0.99998
##################################################
N = 367
Prime 		Probability 	Prime^2 	Probability 	Prime^3 	Probability
2		0.5		4		0.75		8		0.9375
3		0.66666		9		0.88888		27		0.98765
5		0.8		25		0.96		125		0.9984
7		0.85714		49		0.97959		343		0.99958
11		0.90909		121		0.99173		1331		0.99993
13		0.92307		169		0.99408		2197		0.99996
17		0.94117		289		0.99653		4913		0.99998
19		0.94736		361		0.99722		6859		0.99999
23		0.95652		529		0.99810		12167		0.99999
29		0.96551		841		0.99881		24389		0.99999
31		0.96774		961		0.99895		29791		0.99999
37		0.97297		1369		0.99926		50653		0.99999
41		0.97560		1681		0.99940		68921		0.99999
43		0.97674		1849		0.99945		79507		0.99999
47		0.97872		2209		0.99954		103823		0.99999
53		0.98113		2809		0.99964		148877		0.99999
59		0.98305		3481		0.99971		205379		0.99999
61		0.98360		3721		0.99973		226981		0.99999
67		0.98507		4489		0.99977		300763		0.99999
71		0.98591		5041		0.99980		357911		0.99999
##################################################
N = 720
Prime 		Probability 	Prime^2 	Probability 	Prime^3 	Probability
2		0.30401		4		0.27727		8		0.37888
3		0.24960		9		0.24920		27		0.37016
5		0.26957		25		0.36789		125		0.92601
7		0.24914		49		0.35701		343		0.90485
11		0.24375		121		0.36787		1331		0.98374
13		0.36727		169		0.86396		2197		0.99163
17		0.30314		289		0.60496		4913		0.99141
19		0.23498		361		0.36788		6859		0.99449
23		0.87582		529		0.91286		12167		0.99914
29		0.81105		841		0.86687		24389		0.99966
31		0.33498		961		0.77890		29791		0.99974
37		0.36802		1369		0.94858		50653		0.99961
41		0.35091		1681		0.86691		68921		0.99991
43		0.86405		1849		0.98706		79507		0.99992
47		0.94796		2209		0.97848		103823		0.99995
53		0.91546		2809		0.97464		148877		0.99990
59		0.95014		3481		0.96610		205379		0.99998
61		0.36787		3721		0.96825		226981		0.99998
67		0.91187		4489		0.99466		300763		0.99998
71		0.80874		5041		0.86689		357911		0.99997
##################################################
N = 727
Prime 		Probability 	Prime^2 	Probability 	Prime^3 	Probability
2		0.5		4		0.75		8		0.9375
3		0.66666		9		0.88888		27		0.98765
5		0.8		25		0.96		125		0.9984
7		0.85714		49		0.97959		343		0.99958
11		0.90909		121		0.99173		1331		0.99993
13		0.92307		169		0.99408		2197		0.99996
17		0.94117		289		0.99653		4913		0.99998
19		0.94736		361		0.99722		6859		0.99999
23		0.95652		529		0.99810		12167		0.99999
29		0.96551		841		0.99881		24389		0.99999
31		0.96774		961		0.99895		29791		0.99999
37		0.97297		1369		0.99926		50653		0.99999
41		0.97560		1681		0.99940		68921		0.99999
43		0.97674		1849		0.99945		79507		0.99999
47		0.97872		2209		0.99954		103823		0.99999
53		0.98113		2809		0.99964		148877		0.99999
59		0.98305		3481		0.99971		205379		0.99999
61		0.98360		3721		0.99973		226981		0.99999
67		0.98507		4489		0.99977		300763		0.99999
71		0.98591		5041		0.99980		357911		0.99999
